0.02
0.01
0.05
0.21
0.003
0.45
0.001
0.01
2.13
0.07
0.01
0.01
0.001
0.003
0.04
0.32
0.19
0.18
0.12
0.001
1.10
0.24
0.002
0.67
0.08
0.003
0.02
0.29
0.01
0.003
0.42
0.27
0.001
0.001
0.04
0.01
1.72
0.001
0.14
0.29
0.002
0.04
0.05
0.06
0.08
1.13
0.07
0.002
0.49
0.35
0.27
0.02
1.50
0.01
0.02
0.01
0.25
0.08
0.003
0.14
0.02
0.50
0.29
0.21
0.18
0.13
0.34
0.76
0.02
0.01
0.01
0.01
0.14
1.06
0.05
0.44
0.002
0.01
0.37
0.002
0.46
0.02
0.24
0.27
0.33
0.06
0.07
0.05
0.01
0.45
0.33
0.16
0.41
0.11
0.75
1.78
0.25
0.03
0.003
0.02
0.01
0.002
0.002
0.24
0.50
0.003
0.01
0.002
0.002
0.001
0.004
0.04
0.40
0.001
0.001
0.20
0.55
0.21
0.09
0.02
0.14
0.84
0.06
0.13
0.17
0.04
0.51
0.001
0.03
0.14
0.19
0.83
0.06
0.003
0.10
0.35
0.01
2.10
0.15
0.06
0.02
0.01
0.07
0.02
0.09
0.03
0.12
0.02
1.09
0.001
0.02
0.35
0.79
0.23
0.21
0.77
0.23
0.32
0.17
1.26
0.21
0.08
1.35
0.01
0.01
1.27
0.02
0.17
0.02
0.73
0.07
0.01
0.02
0.001
0.10
0.08
0.29
0.002
0.01
0.09
0.16
0.01
0.02
0.007
0.26
0.25
0.11
0.36
0.01
0.01
0.16
1.04
0.002
0.52
0.01
0.04
0.06
0.02
0.11
0.07
0.27
0.09
0.004
0.003
0.40
0.73
0.73
0.01
0.60
0.002
0.41
0.04
0.001
0.002
0.003
0.03
0.16
0.06
0.05
0.01
0.12
0.59
0.62
0.09
0.03
0.003
0.01
